90.9326705932617
116.913436889648
142.894195556641
168.874969482422
194.855728149414
220.836486816406
246.817245483398
272.798004150391
298.778778076172
324.759552001953
350.740295410156
376.721069335938
402.701843261719
428.682586669922
454.663360595703
480.644134521484
506.624877929688
532.605651855469
558.58642578125
584.567199707031
610.547912597656
636.528686523438
662.509460449219
688.490234375
714.471008300781
740.451782226562
766.432495117188
792.413269042969
818.39404296875
844.374816894531
870.355590820312
896.336364746094
922.317077636719
948.2978515625
974.278625488281
1000.25939941406
1026.24011230469
1052.22094726562
1078.20166015625
1104.18249511719
1130.16320800781
1156.14392089844
1182.12475585938
1208.10546875
1234.08630371094
1260.06701660156
1286.04772949219
1312.02856445312
1338.00927734375
1363.99011230469
1389.97082519531
1415.95166015625
1441.93237304688
1467.9130859375
1493.89392089844
1519.87463378906
1545.85546875
1571.83618164062
1597.81689453125
1623.79772949219
1649.77844238281
1675.75927734375
1701.73999023438
1727.72082519531
1753.70153808594
1779.68225097656
1805.6630859375
1831.64379882812
1857.62463378906
1883.60534667969
1909.58605957031
1935.56689453125
1961.54760742188
1987.52844238281
2013.50915527344
2039.48999023438
2065.470703125
2091.45141601562
2117.43212890625
2143.4130859375
2169.39379882812
2195.37451171875
2221.35522460938
2247.3359375
2273.31689453125
2299.29760742188
2325.2783203125
2351.25903320312
2377.23974609375
2403.220703125
2429.20141601562
2455.18212890625
2481.16284179688
2507.1435546875
2533.12451171875
2559.10522460938
2585.0859375
2611.06665039062
2637.04760742188
2663.0283203125
2689.00903320312
2714.98974609375
2740.97045898438
2766.95141601562
2792.93212890625
2818.91284179688
2844.8935546875
2870.87426757812
2896.85522460938
2922.8359375
2948.81665039062
2974.79736328125
3000.77807617188
3026.75903320312
3052.73974609375
3078.72045898438
3104.701171875
3130.68188476562
3156.66284179688
3182.6435546875
3208.62426757812
3234.60498046875
3260.58569335938
3286.56665039062
3312.54736328125
3338.52807617188
3364.5087890625
3390.48974609375
3416.47045898438
3442.451171875
3468.43188476562
3494.41259765625
3520.3935546875
3546.37426757812
3572.35498046875
3598.33569335938
3624.31640625
3650.29736328125
3676.27807617188
3702.2587890625
3728.23950195312
3754.22021484375
3780.201171875
3806.18188476562
3832.16259765625
3858.14331054688
3884.1240234375
3910.10498046875
3936.08569335938
3962.06640625
3988.04711914062
4014.02783203125
4040.0087890625
4065.98950195312
4091.97021484375
4117.951171875
4143.931640625
4169.91259765625
4195.89306640625
4221.8740234375
4247.85498046875
4273.83544921875
4299.81640625
4325.796875
